# Created by Octave 4.2.2, Thu Jun 06 15:43:48 2024 CEST <romana@romana-Veriton>
# name: prListBug
# type: cell
# rows: 0
# columns: 0


